1009091.04
1006113.04
991368.04
995889.04
1001091.04
1008047.04
1026243.04
1029467.04
1028136.04
1034893.04
1027179.04
1039689.04
1045249.04
1039458.04
1035044.04
1047601.04
1050598.04
1036901.04
1027328.04
1027180.04
1041778.04
1031827.04
1025928.04
1046710.04
1030701.04
1019125.04
1015328.04
1005980.04
1008618.04
1015871.04
1015222.04
1009435.04
997346.04
974800.04
976020.04
991972.04
991957.04
990023.04
970172.04
969166.04
963691.04
962693.04
958860.04
953567.04
939086.4400000001
929363.64
936445.04
927929.8400000001
913743.6400000001
917868.0400000002
916887.4400000002
926186.2400000002
923523.4400000002
915215.8400000002
910960.0400000002
904555.8400000002
888247.0400000002
882115.0400000002
885054.4400000002
860102.4400000002
840974.1400000001
839174.1400000001
840260.7400000001
851049.1400000001
859069.9400000002
855796.5400000002
851202.3400000002
836280.7400000002
820749.2600000002
832133.6600000003
850256.0600000003
848989.6600000003
850738.0600000003
843476.4600000003
853215.6600000003
858792.4600000003
865207.6600000003
884310.6600000003
882706.6600000003
881190.8600000002
873757.6600000003
885983.2600000002
882651.4600000002
894139.8600000002
891609.8600000002
892878.4600000002
892366.4600000002
895077.2600000002
882050.8600000002
883657.6600000003
896653.2600000002
899913.4600000002
894305.6600000001
900038.4600000002
899311.6600000001
906560.8600000001
901764.2600000001
908320.6600000001
902676.9400000002
903514.3400000002
898644.9400000002
889166.5400000002
883155.5400000002
889046.7400000001
884583.5400000002
838927.5400000002
845745.1400000001
868578.7400000001
867398.5400000002
867468.7400000001
871544.5400000002
867691.1400000001
868648.5400000002
900402.3400000002
897851.9400000002
907018.7400000002
912980.3400000002
912907.7400000002
916770.7400000002
908953.1400000002
911124.4100000003
933328.2100000003
922350.0100000004
921267.6100000003
903628.2100000003
928124.8100000003
930364.6100000003
943354.4100000004
951538.2100000004
940022.8100000004
951668.8100000004
946004.0100000004
946081.4100000004
933377.8100000004
948671.8100000004
974591.0100000004
963983.4100000004
965704.0100000004
969113.8100000004
982594.8100000004
991334.2100000004
984372.0100000005
985632.0100000005
974708.0100000005
974932.6100000005
979871.6100000005
977101.0100000005
978911.4100000005
979783.0100000005
978179.6100000005
987778.8100000004
980107.2100000004
981831.4100000004
971546.4100000004
963055.4100000004
946694.4100000004
949176.2100000004
951283.4100000004
949490.4100000004
957224.6100000003
974149.0100000004
981486.6100000003
972804.4100000004
964478.4100000004
970535.4100000004
952701.4100000004
948252.8100000004
947535.6100000005
936392.8100000004
944478.8100000004
950210.0100000004
950439.0100000004
954284.4100000004
955895.6100000003
950626.2100000003
921734.2100000003
928939.4100000003
930667.0100000002
926490.4100000003
921845.2100000003
927172.5300000003
941096.1300000002
953487.7300000002
953259.1300000002
956570.7300000002
950795.9300000002
944711.1300000001
930356.7300000001
922546.1300000001
898143.7300000001
898276.3300000001
908030.93
904553.93
883963.53
886491.53
878236.93
888061.93
886740.3300000001
874626.93
886944.13
879230.13
870119.93
879173.53
880435.93
889132.53
906284.13
893934.33
900639.9299999999
896561.5299999999
890163.7299999999
883277.7299999999
891762.5299999999
883986.1299999999
881760.7299999999
876274.9299999998
859593.3299999998
864949.9299999998
862078.9299999998
864737.1299999998
873251.9299999998
878600.1299999998
887227.3299999997
884145.1299999998
886441.1299999998
881188.5299999998
874661.3299999998
879206.3299999998
896093.3299999998
890646.1299999999
861334.9299999999
865472.5299999999
868886.5299999999
865516.5299999999
874039.1299999999
891519.1299999999
899692.1299999999
928313.5299999999
921709.1299999999
922427.1299999999
909324.9299999999
912484.2699999999
887273.2699999999
868127.8699999999
877222.2699999999
868073.8699999999
823064.4699999999
829975.0699999998
834879.0699999998
797998.6699999998
826377.0699999998
829162.6699999998
828087.6699999998
853931.6699999998
854557.2699999998
884275.6699999998
896875.4699999999
909663.0699999998
925545.8699999999
912841.8699999999
929992.4699999999
940867.0699999998
933449.0699999998
932916.6699999998
954773.8699999998
972656.0699999997
959427.4699999997
939291.0699999997
940677.0699999997
929299.2699999997
931326.8699999996
939761.4699999996
925110.8699999996
917488.2699999997
865700.6699999997
891281.0699999997
917268.4699999997
906940.2699999998
913994.0699999998
924281.0699999998
925219.4699999999
909191.4699999999
894862.0699999998
899495.8699999999
902196.8699999999
906989.2699999999
899712.07
896666.47
907760.6699999999
885075.8699999999
894557.0299999999
893551.2299999999
866162.1499999999
857789.8699999999
887791.7899999999
895815.6699999999
878933.1499999999
890351.1099999999
891961.5899999999
901027.3899999999
892877.2299999999
912263.8799999999
923889.6399999999
922723.9999999999
920376.0399999999
907562.4799999999
910307.2799999999
917931.6799999999
909840.9999999999
902603.7599999999
910867.9199999999
919046.08
918190.7999999999
907374.9199999999
903341.3999999999
889526.5599999999
885233.8799999999
876959.4799999999
852026.5399999999
857732.5199999999
855888.5399999999
852650.08
876017.88
875976.3
878169.8
863617.3
857992.3200000001
874290.04
855867.74
857438.08
842250.44
786635.94
796569.5399999999
768523.0399999999
783587.3999999999
782315.46
792059.76
778196.9
774814.18
809799.1200000001
794760.2600000001
805474.1200000001
786400.9600000001
770481.0200000001
774831.2600000001
795430.1800000002
798560.7600000001
778822.4800000001
804280.68
812381.18
813434.2400000001
827580.1000000001
818479.56
817711.76
833352.0
841748.34
848430.84
849722.38
835603.62
830729.42
817941.78
818399.22
807706.6
780494.7999999999
769521.0399999999
746384.3999999999
770148.6799999999
758032.58
781685.22
788814.1799999999
797173.46
785850.44
769758.8799999999
760808.5599999999
746860.44
754933.6599999999
761594.6799999999
752069.2999999999
763444.8999999999
762159.08
783232.34
781021.64
769538.8200000001
763616.3400000001
760193.06
770358.6000000001
782501.4000000001
770487.9800000001
763417.42
752992.3
728328.28
729901.22
732510.64
734439.26
722394.96
708771.8999999999
727813.2599999999
736114.3599999999
734032.0199999999
746977.7999999999
740276.44
743493.32
736926.86
751205.52
724675.66
719809.52
710882.6
661140.04
664986.9
654280.0
639001.42
654531.92
648000.18
672577.0
709336.9
696209.4
694943.0
697488.54
689600.14
685802.8
693157.4
696883.34
701795.0399999999
726795.0399999999
721520.9799999999
711782.3599999999
708763.4399999998
692581.7399999999
689986.7199999999
717703.2999999998
728753.1199999998
722329.5399999998
738090.1799999998
742332.1599999998
747153.9599999998
724628.9799999999
724302.0199999999
719826.6599999999
697261.4999999999
688505.3599999999
696409.5399999999
710599.9199999999
690130.96
701843.44
720087.32
720279.96
722975.84
709260.38
713431.88
699616.86
705291.88
702876.96
710768.22
691212.38
689588.34
684216.72
675250.94
680452.8999999999
675662.7799999999
679417.8799999999
672178.0799999998
667316.6399999999
656392.2
658226.86
647121.36
644038.42
665527.52
676283.64
673165.46
671935.1799999999
673550.2999999999
674873.6
670416.38
683119.46
680787.64
672082.04
684540.28
686817.68
680258.4600000001
680291.1400000001
693445.1800000002
691971.7900000002
692027.0300000001
681942.3100000002
675714.8100000002
671791.9500000002
692123.5900000002
720352.8100000002
726845.4500000002
