1000000.0
1013510.99
1032062.71
1009220.32
1023021.7799999999
1023774.59
1037250.1
1044438.26
1037768.68
1044301.3300000001
1042794.3600000001
1042600.1500000001
1041749.8100000002
1043271.6400000001
1046309.0900000001
1057678.26
1054930.91
1056721.66
1069144.5999999999
1065787.1099999999
1069097.5299999998
1071433.64
1065847.67
1067764.49
1089446.63
1092710.3499999999
1084476.14
1079536.26
1082662.85
1088725.53
1085053.32
1083089.12
1098520.1
1091642.3
1098806.75
1102892.9
1103809.69
1107609.14
1118650.5
1112794.5
1106959.31
1076184.6300000001
1041757.7300000001
1050218.53
1070239.6300000001
1074814.27
1072940.87
1040477.3400000001
1050352.3800000001
1029022.8200000001
1030883.92
1015161.28
987265.3400000001
973771.4400000001
967051.4600000001
960438.81
952504.25
918212.22
927496.3099999999
932771.62
946362.84
953071.4
952652.65
953089.75
954439.77
946617.88
924472.18
936242.54
928603.12
926880.48
922160.73
902153.2999999999
930003.97
935169.2899999999
933152.84
930035.76
900550.81
863973.04
875191.89
880317.43
885976.2400000001
875258.0300000001
844221.8100000002
864479.6500000001
871587.5100000001
870751.5900000001
891382.67
883365.6000000001
880933.1300000001
858557.1200000001
880757.7400000001
879934.8000000002
892410.8300000002
858923.2400000002
859566.1900000002
862352.9300000002
859632.0300000001
845348.4900000001
843590.6100000001
850223.2900000002
851874.4700000002
842362.5100000002
846150.2600000002
849853.8400000002
856093.2300000002
851106.6400000002
859200.3600000002
857006.5700000002
859075.3100000002
848874.9700000002
833466.1300000002
834680.1100000002
830402.1800000002
821778.7400000002
761953.3600000002
762470.5900000002
769228.2400000002
769001.5300000003
764539.9000000003
769261.7500000002
771228.7500000002
766517.0600000003
782788.8500000003
781940.7000000003
781691.3500000003
783967.8900000004
774072.3900000004
777801.4000000004
770493.6100000003
774543.0400000004
776669.4500000004
780246.8400000004
765986.4000000005
759086.9300000005
777891.9700000006
781063.4900000006
790201.9200000006
795354.6000000007
790286.5600000006
797783.7200000007
788662.5700000006
791866.9600000007
783609.5100000007
795679.9400000008
808247.7500000008
807994.8900000008
805788.4400000009
814464.9700000009
821679.030000001
828172.200000001
832016.510000001
837468.870000001
834990.6700000011
838256.3400000011
851168.3600000012
846231.5800000011
853186.4300000011
846048.6800000011
844400.4000000011
853200.1400000011
849943.350000001
858318.380000001
845873.990000001
843020.490000001
836124.480000001
831686.6500000011
841176.9300000011
837503.0500000011
849110.2000000011
859158.8900000011
866752.9400000011
854494.510000001
858322.740000001
869510.6400000011
848941.0600000011
849654.8700000012
841939.3000000012
834526.6500000012
846933.5300000012
860287.8800000012
850132.8900000012
859783.8300000011
861887.8700000012
853944.4400000011
832458.3100000011
845271.2400000012
855400.7500000012
842646.2700000012
833737.0200000012
845740.9200000012
848525.7700000012
849741.0100000012
858350.8900000012
868077.7900000012
873366.2900000012
864830.5800000012
856489.9700000013
843665.4600000012
807912.2000000012
814305.4300000012
812727.9900000013
814848.3700000013
787852.3600000013
787792.2800000013
769020.4800000013
779395.7100000012
769891.5300000012
767276.8300000012
776576.9900000013
761870.7100000012
739383.4000000012
752708.5200000012
757720.8800000012
764412.3300000011
775034.0900000011
765126.6200000012
771441.8700000012
772967.6900000011
775148.9600000011
769396.8800000012
775443.7700000012
765827.5700000012
770275.5300000012
767563.6900000012
756324.1100000013
761993.0300000013
759940.3100000013
759065.5700000013
766233.3800000014
770665.1900000015
775248.5700000015
770680.6600000014
773743.6000000014
772330.8500000014
775636.9300000013
770417.7200000014
775662.6700000013
771771.6100000013
748500.6600000013
744380.5100000013
748201.8100000013
752572.6100000014
751431.4700000014
759848.4000000014
759558.8000000014
769510.8600000015
769375.4500000015
765160.7200000015
752742.9200000014
750837.7200000015
733636.4900000015
707287.2200000015
711787.2900000014
704132.2900000014
668500.6300000014
668789.5500000014
682103.7600000014
662234.7200000014
687315.1600000013
686022.3300000014
691128.1900000013
701601.0900000014
697122.2000000014
713742.0200000013
711302.6700000013
712017.1500000013
724096.6400000013
722232.1700000013
732480.1600000013
736505.9900000013
733750.0700000012
741203.0300000012
753073.0900000012
768493.7800000012
770230.1200000012
757975.2800000012
751030.4600000012
749663.7500000013
755396.3200000012
765670.5700000012
758777.5400000012
755683.1200000012
720676.5800000011
733677.5000000012
751041.3700000012
748844.4200000012
752659.6200000012
771852.7800000012
780785.1200000012
773077.0900000011
771076.3600000012
765890.2900000012
766120.3300000012
777368.1200000013
780096.6500000013
771470.8700000013
765988.2900000013
751822.3700000013
760014.4800000013
760400.2300000013
746972.0800000012
744309.0200000012
771891.6700000012
787333.0800000012
776936.4000000012
775661.5900000011
766299.7000000011
770034.6100000012
766770.6900000011
788805.0200000011
778336.7800000011
779055.6900000011
780379.7700000011
750448.610000001
749352.370000001
761434.2800000011
752331.9000000011
755345.0300000011
754293.470000001
766159.260000001
772821.620000001
763477.210000001
764054.010000001
754017.4300000011
758746.8400000011
755728.1900000011
722125.0400000011
735615.8500000011
720354.2700000012
705953.9700000011
720981.4300000011
726977.9900000012
719308.8600000012
717429.3700000012
710387.2800000012
711593.5300000012
704166.4100000012
698011.4400000012
673316.3500000013
622135.0900000012
623576.5600000012
607625.4100000012
615148.4900000012
618643.9400000011
615664.5800000011
607053.9600000011
604014.7400000012
623773.7400000012
618548.3600000012
627172.3200000011
614423.6900000011
594269.9400000011
595813.510000001
608369.6900000011
611857.5500000011
600595.4800000011
615434.4700000011
600237.4200000011
600717.2800000011
603900.3200000011
600783.7400000012
591937.2800000012
597527.4500000012
599460.2200000013
608019.1200000013
608987.7800000013
603425.8300000014
606402.3500000014
592794.3700000014
590958.7300000014
579294.4300000013
567112.5900000014
555150.6700000013
535646.0500000013
552448.4700000014
540881.9200000013
558090.2400000013
563171.9200000013
566320.3400000014
563820.8300000014
551030.5900000014
547880.6900000013
538394.9100000013
541425.7400000013
551222.4800000013
546910.3200000012
553088.1900000012
550219.9800000013
563709.7800000013
565265.6900000013
560348.2500000014
550045.6200000014
543721.1300000014
544554.6900000015
554646.8600000015
544070.3000000014
543205.3100000015
546837.1000000015
534261.2800000015
538181.9400000016
537477.0200000015
537621.9100000015
537928.6800000016
529702.0800000016
539638.5000000016
548478.1300000016
547228.8200000016
557630.3400000016
554305.3100000016
556867.5000000015
552360.0100000015
555230.0900000015
533381.5400000014
535281.3600000014
538186.7300000014
501498.83000000136
497985.58000000136
492369.93000000133
475432.69000000134
478303.39000000135
460036.5500000013
478015.38000000134
503129.4800000013
495198.9200000013
490242.7800000013
490275.2500000013
490766.8300000013
485550.3500000013
491038.9700000013
497163.2600000013
504370.2100000013
520363.9600000013
522473.2700000013
522620.5200000013
523352.5300000013
525630.0100000013
524249.8400000013
540752.9500000014
548877.8200000013
546189.1400000013
555519.7600000013
557449.2100000012
558047.6900000012
542601.5100000012
550497.1100000012
549131.7500000012
526318.9600000011
524742.3800000012
538512.0200000012
547561.9900000012
533256.6200000012
533933.7200000011
557007.3000000011
558085.8600000012
554737.9000000012
540667.4600000012
540831.2000000012
534246.0900000012
549137.8000000012
547478.9500000012
556111.9000000012
540645.3600000012
535654.6000000011
530962.3500000011
522554.1400000011
531216.5000000012
527033.3600000012
536862.0900000011
533271.3300000011
532198.6700000011
521162.2500000011
525375.4500000011
517880.72000000114
510467.1900000011
523084.8000000011
531706.5800000011
531440.7900000011
531523.250000001
533227.7700000011
533655.480000001
528101.470000001
537342.1400000011
538903.1400000011
529682.460000001
533791.220000001
540220.420000001
535287.940000001
535079.340000001
539559.480000001
535443.0400000011
536724.990000001
527100.440000001
519076.35000000097
516147.03000000096
532098.6100000009
548160.410000001
551896.8500000009
558958.1100000009
561305.420000001
556495.8800000009
