1000000.00
1000113.78
1000201.63
1000006.93
1000142.41
1000135.34
1000295.31
1000376.85
1000328.66
1000402.87
1000415.65
1000341.20
1000396.46
1000329.53
1000401.64
1000526.32
1000660.95
1000766.38
1000856.89
1000908.35
1000919.81
1000899.05
1000814.93
1000840.05
1001023.82
1001048.31
1000927.01
1000854.50
1000835.64
1000930.16
1000902.18
1000834.30
1000991.40
1000923.67
1001012.87
1001056.15
1000935.52
1000943.69
1001028.02
1001016.05
1000979.38
1000842.56
1000586.56
1000613.56
1000876.28
1000860.69
1000792.86
1000497.63
1000551.54
1000397.85
1000398.03
1000217.49
1000066.83
999868.45
999794.29
999745.93
999714.33
999481.42
999464.08
999482.31
999578.60
999608.98
999499.23
999532.47
999434.48
999391.31
999240.38
999374.27
999288.15
999302.69
999252.56
999279.87
999484.32
999521.59
999481.40
999532.48
999337.17
998993.53
999080.78
999105.10
999112.71
999051.96
998763.00
998907.02
999027.46
999022.30
998977.45
998925.86
998875.09
998644.48
998783.92
998815.43
999001.91
998942.65
998970.50
998937.77
998898.44
998821.83
998782.73
998891.20
998858.61
998676.85
998701.44
998732.65
998807.01
998779.48
998851.21
998802.93
998828.03
998757.61
998612.83
998593.79
998542.95
998489.56
997990.48
998090.06
998189.69
998221.69
998191.78
998279.27
998270.06
998291.04
998470.49
998486.69
998504.41
998529.36
998429.24
998406.86
998313.27
998385.50
998439.17
998450.86
998366.24
998248.60
998470.50
998501.90
998577.12
998657.20
998605.34
998660.58
998540.94
998581.31
998491.05
998632.84
998779.00
998720.48
998741.17
998793.94
998919.06
999033.34
999044.45
999053.12
998939.65
998955.12
999120.92
999057.88
999097.90
999094.49
999070.50
999136.80
999076.19
999150.77
999028.06
999046.56
998973.85
998996.62
999132.99
999107.08
999177.89
999260.24
999275.67
999220.97
999244.60
999328.50
999086.09
999083.30
998965.53
998831.01
998939.32
999020.18
998975.59
999058.92
999106.23
999030.94
998844.88
998942.76
998967.79
998868.92
998773.01
998908.44
998901.80
998938.84
999021.73
999146.71
999167.70
999057.20
999029.59
998970.66
998629.28
998657.95
998663.47
998615.65
998377.21
998343.86
998195.28
998368.53
998281.94
998225.67
998346.13
998234.29
998017.71
998125.63
998117.00
998206.62
998292.66
998176.40
998231.88
998216.40
998216.23
998156.32
998232.85
998141.96
998232.44
998182.72
998140.48
998150.65
998117.05
998085.13
998174.20
998228.33
998318.12
998321.79
998295.11
998235.39
998240.48
998159.24
998170.41
998103.07
997875.34
997803.79
997859.43
997873.93
997834.09
997970.41
997904.98
998018.30
998027.18
997999.55
997927.98
997945.91
997747.78
997464.67
997560.39
997453.07
997075.59
997136.55
997272.62
997141.67
997390.56
997368.60
997342.94
997469.05
997437.17
997675.54
997721.22
997782.66
997872.94
997841.69
997887.19
997930.44
997921.92
997996.18
998191.70
998415.04
998355.77
998267.02
998259.55
998237.51
998227.94
998294.79
998135.40
998078.92
997660.21
997779.53
997961.56
997944.59
997959.06
998174.79
998244.48
998097.41
998064.15
998070.84
997890.32
997998.32
997995.27
997910.72
997877.95
997668.56
997804.74
997843.40
997675.75
997561.77
997781.90
997851.22
997684.64
997758.14
997676.33
997704.54
997684.42
997899.77
997805.69
997817.12
997800.86
997428.61
997452.64
997531.16
997478.23
997473.53
997519.09
997603.88
997650.73
997588.45
997565.49
997460.29
997459.05
997478.96
997252.59
997334.98
997214.22
997053.17
997195.89
997211.56
997156.70
997103.35
997081.77
997101.80
997012.08
996984.46
996823.91
996392.19
996452.33
996197.09
996287.36
996306.47
996241.98
996248.45
996251.95
996442.42
996370.83
996277.43
996152.03
995978.37
995964.44
996095.79
996099.03
995974.89
996109.14
995975.45
995991.71
996020.67
996039.38
995965.18
996007.22
996105.72
996156.74
996116.38
996070.64
996023.12
995901.63
995885.24
995818.09
995708.56
995601.25
995366.05
995526.39
995442.81
995615.49
995653.27
995733.03
995711.93
995586.96
995540.08
995462.41
995486.52
995566.20
995498.28
995572.66
995561.52
995744.34
995747.85
995720.39
995659.00
995574.17
995566.66
995662.61
995553.72
995542.07
995558.03
995446.74
995488.28
995489.50
995546.98
995492.80
995380.17
995467.88
995561.92
995549.66
995672.61
995692.60
995758.11
995677.49
995724.89
995499.35
995466.62
995486.19
995157.04
995166.62
995135.16
995004.66
995064.43
994921.44
995105.70
995378.82
995246.35
995207.21
995193.05
995190.02
995107.85
995125.23
995157.21
995252.33
995428.44
995421.95
995419.09
995450.99
995420.39
995415.45
995558.78
995606.29
995545.11
995627.57
995645.86
995629.98
995473.94
995492.21
995478.19
995273.32
995265.24
995359.23
995427.20
995296.09
995362.48
995580.64
995561.18
995500.03
995403.81
995440.93
995390.65
995494.28
995475.51
995530.54
995389.84
995371.03
995350.00
995273.20
995352.72
995308.01
995438.18
995411.62
995391.47
995319.40
995342.07
995246.10
995141.59
995277.20
995383.94
995358.60
995367.29
995399.99
995430.76
995385.71
995446.13
995442.86
995364.81
995448.31
995512.85
995452.57
995480.65
995535.06
995523.74
995490.23
995427.24
995338.21
995290.91
995455.83
995637.86
995723.48
995818.42
995882.46
995880.87
