1000000.00
974437.00
973307.00
959667.00
953397.00
964346.00
954892.00
956056.00
955327.00
940390.00
904085.00
902334.00
908976.00
918768.00
903059.00
892681.00
902465.00
892485.00
850556.00
871770.00
866875.00
850339.00
843639.00
849832.00
846559.00
842120.00
859649.00
909256.00
955779.00
957749.00
940257.00
935290.00
949914.00
1000627.00
987848.00
994879.00
989435.00
1006388.00
1022155.00
1040584.00
1047425.00
1054651.00
1060417.00
1076575.00
1073508.00
1073402.00
1058821.00
1055375.00
1057062.00
1060448.00
1068224.00
1065082.00
1082858.00
1068758.00
1086960.00
1081993.00
1086695.00
1070524.00
1035209.00
1043342.00
1045162.00
1042421.00
1080213.00
1108246.00
1095111.00
1092388.00
1091450.00
1092112.00
1133326.00
1202099.00
1189107.00
1191212.00
1170756.00
1168436.00
1167686.00
1180374.00
1158598.00
1261026.00
1252772.00
1249457.00
1240882.00
1246302.00
1248928.00
1276631.00
1277404.00
1267717.00
1267000.00
1271713.00
1272984.00
1274458.00
1268808.00
1266175.00
1253621.00
1253505.00
1255824.00
1276737.00
1291742.00
1289876.00
1285894.00
1297340.00
1347836.00
1343482.00
1339934.00
1346120.00
1347124.00
1340441.00
1342044.00
1339313.00
1320001.00
1323365.00
1323120.00
1302504.00
1318221.00
1302629.00
1311057.00
1307180.00
1291546.00
1293764.00
1300377.00
1311377.00
1290637.00
1292448.00
1279825.00
1274067.00
1281729.00
1273849.00
1277897.00
1281452.00
1291284.00
1277582.00
1264002.00
1259218.00
1255027.00
1248239.00
1244018.00
1235935.00
1234607.00
1230509.00
1226847.00
1238170.00
1235382.00
1241492.00
1246434.00
1251580.00
1254239.00
1242721.00
1243910.00
1229818.00
1230398.00
1236223.00
1229969.00
1224358.00
1221200.00
1234021.00
1245086.00
1237104.00
1214080.00
1222362.00
1225999.00
1221375.00
1245924.00
1244272.00
1254604.00
1251271.00
1242784.00
1238093.00
1238340.00
1236116.00
1234843.00
1241790.00
1268706.00
1263239.00
1253964.00
1258520.00
1271558.00
1263727.00
1264110.00
1250820.00
1249562.00
1248508.00
1252379.00
1265020.00
1273543.00
1285280.00
1318248.00
1313203.00
1316401.00
1320271.00
1330829.00
1338954.00
1349388.00
1341473.00
1342648.00
1348755.00
1341073.00
1355735.00
1377468.00
1374635.00
1376891.00
1372441.00
1359549.00
1370772.00
1365273.00
1358982.00
1362702.00
1373187.00
1367144.00
1372068.00
1367845.00
1373280.00
1388373.00
1379862.00
1382193.00
1382141.00
1374507.00
1360605.00
1356860.00
1359172.00
1360920.00
1364044.00
1363898.00
1358458.00
1351169.00
1361677.00
1376068.00
1377146.00
1374623.00
1375576.00
1378632.00
1372930.00
1369640.00
1355557.00
1361498.00
1369226.00
1382303.00
1381290.00
1398113.00
1431187.00
1443898.00
1451106.00
1488836.00
1480779.00
1470880.00
1474002.00
1451480.00
1456809.00
1461376.00
1454971.00
1452410.00
1436176.00
1429836.00
1423520.00
1414204.00
1421420.00
1409899.00
1403688.00
1407552.00
1402180.00
1384084.00
1378332.00
1371193.00
1378862.00
1382482.00
1382771.00
1367229.00
1372944.00
1380801.00
1380916.00
1418336.00
1404214.00
1388287.00
1392956.00
1387717.00
1382444.00
1384422.00
1380740.00
1391007.00
1386855.00
1379967.00
1383090.00
1393263.00
1393980.00
1399229.00
1420083.00
1415997.00
1400448.00
1418870.00
1416285.00
1405675.00
1404701.00
1417156.00
1414404.00
1411167.00
1398693.00
1389363.00
1382090.00
1378240.00
1368089.00
1364789.00
1369091.00
1378857.00
1384533.00
1386781.00
1390937.00
1383991.00
1378478.00
1378613.00
1380354.00
1387591.00
1400840.00
1403063.00
1404555.00
1430773.00
1415346.00
1413630.00
1410788.00
1402812.00
1409444.00
1416466.00
1423862.00
1431569.00
1417056.00
1426899.00
1430414.00
1447791.00
1485164.00
1475825.00
1486663.00
1479620.00
1483929.00
1484017.00
1493363.00
1507975.00
1491735.00
1501932.00
1495955.00
1510995.00
1522368.00
1516670.00
1506362.00
1508046.00
1524787.00
1505697.00
1509694.00
1512150.00
1507667.00
1514355.00
1519750.00
1508149.00
1502440.00
1489192.00
1492217.00
1491451.00
1498728.00
1503824.00
1501619.00
1515746.00
1533953.00
1535780.00
1545013.00
1526602.00
1536014.00
1516327.00
1514816.00
1514588.00
1515654.00
1526766.00
1535903.00
1541530.00
1537224.00
1533756.00
1544885.00
1553749.00
1559893.00
1551335.00
1548500.00
1552972.00
1559281.00
1566312.00
1569728.00
1565087.00
1573362.00
1576544.00
1578568.00
1584460.00
1580001.00
1578733.00
1567240.00
1570227.00
1577392.00
1568566.00
1557015.00
1555672.00
1549533.00
1553340.00
1554797.00
1566056.00
1563316.00
1573835.00
1563508.00
1563885.00
1601894.00
1604363.00
1613834.00
1619920.00
1613854.00
1625893.00
1620146.00
1600860.00
1609133.00
1608681.00
1610548.00
1606683.00
1614862.00
1603318.00
1600392.00
1600440.00
1585232.00
1581466.00
1586993.00
1587874.00
1592117.00
1594775.00
1582020.00
1573050.00
1574448.00
1568789.00
1563380.00
1562049.00
1573918.00
1574930.00
1562444.00
1582196.00
1584575.00
1582078.00
1580577.00
1595603.00
1590809.00
1577170.00
1571582.00
1573869.00
1580479.00
1582514.00
1588995.00
1584665.00
1582155.00
1567940.00
1581832.00
1578737.00
1585009.00
1577557.00
1582065.00
1588660.00
1584894.00
1594609.00
1600277.00
1609232.00
1609382.00
1611929.00
1607403.00
1593365.00
1576621.00
1583871.00
1572065.00
1576489.00
1573300.00
1578924.00
1571082.00
1572414.00
1571427.00
1566115.00
1563688.00
1567853.00
1570498.00
1565104.00
1567971.00
1576106.00
1590852.00
1596085.00
1604031.00
1594586.00
1584037.00
1577120.00
1570088.00
1563962.00
1566977.00
